======================================================================
ACC Algorithm: Asset Selection via Correlation Blockmodel Clustering
Paper: arXiv:2103.14506v2 (Tang, Xu, Zhou, 2021)
======================================================================

Loading data from /opt/data/kanban/workspaces/t_dc995cda/sp500_data/sp500_ohlcv_5yr.csv
  Raw data: 625502 rows, 503 tickers
  Date range: 2021-05-10 00:00:00-04:00 to 2026-05-06 00:00:00-04:00

Preparing returns matrix...
  Tickers with >= 500 days of returns: 501
  Final returns matrix: 1253 days x 501 tickers

Running ACC algorithm...
  n = 1253 trading days, d = 501 assets

----------------------------------------------------------------------
CLUSTERING RESULTS
----------------------------------------------------------------------
  Estimated alpha (heavy-tailedness): 0.5000
  Estimated L (scale constant):       0.7000
  Best epsilon (threshold):           0.450647
  Epsilon search range:               [0.058406, 2.000000]
  Number of clusters:                 19
  Intra-cluster correlation:          0.3747

Cluster Details:
  Cluster    Size     Rep Ticker   Rep Vol (daily)   
  ---------- -------- ------------ ------------------
  1          5        MSFT         0.016626          
  2          2        FOX          0.016354          
  3          9        BLK          0.016778          
  4          43       ATO          0.011681          
  5          114      BRK-B        0.010791          
  6          12       HD           0.015156          
  7          26       KMI          0.014173          
  8          42       TT           0.017107          
  9          24       MCD          0.010836          
  10         31       KO           0.010047          
  11         46       ICE          0.013218          
  12         14       V            0.014329          
  13         99       CME          0.012385          
  14         16       NRG          0.024919          
  15         5        COR          0.014034          
  16         2        LVS          0.025729          
  17         3        LMT          0.014400          
  18         5        CB           0.012824          
  19         3        UNH          0.019978          

Epsilon Search Summary (valid cluster counts):
  Epsilon      Clusters   Intra-Corr  
  ------------ ---------- ------------
  0.450647     19         0.3747      
  0.470259     17         0.3707      
  0.489871     16         0.3668      

----------------------------------------------------------------------
PORTFOLIO CONSTRUCTION
----------------------------------------------------------------------
Selected 19 representative stocks:
  MSFT: ann. return = 14.68%, ann. vol = 26.39%
  FOX: ann. return = 13.06%, ann. vol = 25.96%
  BLK: ann. return = 10.46%, ann. vol = 26.63%
  ATO: ann. return = 15.88%, ann. vol = 18.54%
  BRK-B: ann. return = 11.01%, ann. vol = 17.13%
  HD: ann. return = 4.26%, ann. vol = 24.06%
  KMI: ann. return = 19.13%, ann. vol = 22.50%
  TT: ann. return = 24.27%, ann. vol = 27.16%
  MCD: ann. return = 7.40%, ann. vol = 17.20%
  KO: ann. return = 11.64%, ann. vol = 15.95%
  ICE: ann. return = 9.43%, ann. vol = 20.98%
  V: ann. return = 10.24%, ann. vol = 22.75%
  CME: ann. return = 12.70%, ann. vol = 19.66%
  NRG: ann. return = 39.62%, ann. vol = 39.56%
  COR: ann. return = 18.70%, ann. vol = 22.28%
  LVS: ann. return = 8.03%, ann. vol = 40.84%
  LMT: ann. return = 10.75%, ann. vol = 22.86%
  CB: ann. return = 15.86%, ann. vol = 20.36%
  UNH: ann. return = 4.20%, ann. vol = 31.71%

Computing risk parity weights...
Computing minimum variance weights...
Computing mean-variance weights (target return = 10%)...

Portfolio Weights (top 5 per strategy):

  Risk Parity:
    ATO          0.0887 (8.9%)
    FOX          0.0737 (7.4%)
    LMT          0.0732 (7.3%)
    MCD          0.0682 (6.8%)
    COR          0.0663 (6.6%)
    (plus 14 more positions)

  Minimum Variance:
    UNH          0.0526 (5.3%)
    CB           0.0526 (5.3%)
    LMT          0.0526 (5.3%)
    LVS          0.0526 (5.3%)
    COR          0.0526 (5.3%)
    (plus 14 more positions)

  Mean-Variance:
    UNH          0.0526 (5.3%)
    CB           0.0526 (5.3%)
    LMT          0.0526 (5.3%)
    LVS          0.0526 (5.3%)
    COR          0.0526 (5.3%)
    (plus 14 more positions)

----------------------------------------------------------------------
PORTFOLIO PERFORMANCE (out-of-sample on same period)
----------------------------------------------------------------------

Metric                       Risk Parity   Min Variance       Mean-Var   Equal-Weight
------------------------- -------------- -------------- -------------- --------------
Annualized Return                 13.38%         13.75%         13.75%         13.60%
Annualized Volatility             12.59%         13.35%         13.35%         16.65%
Sharpe Ratio                      0.9035         0.8806         0.8806         0.6964
Sortino Ratio                     1.2768         1.2546         1.2546         1.0038
Max Drawdown                     -14.72%        -15.27%        -15.27%        -19.85%
Calmar Ratio                      0.9086         0.9010         0.9010         0.6850
Ending VAMI                       1.8694         1.8954         1.8954         1.8350
Positive Days                        679            676            676            661

----------------------------------------------------------------------
CLUSTER CORRELATION ANALYSIS
----------------------------------------------------------------------

Average inter-cluster correlations (representative assets):

Correlation matrix of top 10 representative stocks:
                 MSFT      FOX      BLK      ATO    BRK-B       HD      KMI       TT      MCD       KO
MSFT            1.000   0.239   0.500   0.130   0.343   0.367   0.179   0.384   0.228   0.163
FOX             0.239   1.000   0.394   0.232   0.406   0.319   0.331   0.268   0.193   0.169
BLK             0.500   0.394   1.000   0.349   0.560   0.561   0.388   0.536   0.339   0.278
ATO             0.130   0.232   0.349   1.000   0.470   0.321   0.414   0.273   0.366   0.505
BRK-B           0.343   0.406   0.560   0.470   1.000   0.437   0.447   0.414   0.411   0.433
HD              0.367   0.319   0.561   0.321   0.437   1.000   0.228   0.484   0.366   0.331
KMI             0.179   0.331   0.388   0.414   0.447   0.228   1.000   0.292   0.198   0.238
TT              0.384   0.268   0.536   0.273   0.414   0.484   0.292   1.000   0.272   0.253
MCD             0.228   0.193   0.339   0.366   0.411   0.366   0.198   0.272   1.000   0.533
KO              0.163   0.169   0.278   0.505   0.433   0.331   0.238   0.253   0.533   1.000

----------------------------------------------------------------------
SUMMARY
----------------------------------------------------------------------

Best ACC strategy: Risk Parity (Sharpe = 0.9035)
Equal-weight benchmark Sharpe: 0.6964
ACC improvement: +0.2072 Sharpe

Number of stocks selected: 19 (from 501 total)
Diversification ratio: 26.4x reduction
Selected tickers: MSFT, FOX, BLK, ATO, BRK-B, HD, KMI, TT, MCD, KO, ICE, V, CME, NRG, COR, LVS, LMT, CB, UNH

Output saved to: /opt/data/kanban/workspaces/t_fb71eaa9/paper-2103.14506/output_coder-qwen.txt
